48 145
50 197
56 250
67 301
88 350
122 389
164 421
208 446
254 455
296 449
338 426
379 399
413 363
435 317
446 266
451 211
453 157
123 145
145 125
171 112
200 112
224 122
273 125
296 111
323 107
351 117
371 137
251 173
251 204
251 235
251 265
236 281
244 285
252 289
261 285
268 280
165 175
181 163
200 165
215 180
200 183
180 182
295 178
308 164
329 164
347 173
333 184
313 184
222 329
233 316
246 310
255 313
265 310
282 317
296 328
284 337
269 341
258 341
248 341
234 337
229 328
247 324
256 325
266 324
289 328
267 324
256 326
247 324
