77 15

10750 3983 10751 4256 10825 4510 10271 3103 10272 3105 10273 3137 10274 3134 10275
3985 563 4213 681 4498 817 4496 131 3110 132 3111 128 3106 129 3107
10738 3984 10740 4222 10824 4497 10253 3055 10103 3112 10102 2852 10105 2864 10117
4191 559 4224 687 4508 823 3054 103 2850 0 2851 1 2863 7 2865
10737 3975 10739 4223 10823 4493 10254 5492 10100 5196 10101 2853 10104 5197 10116
4206 676 4212 680 4495 816 4494 1313 5493 1162 5207 1170 5206 1163 5198
10804 4128 10803 4211 10822 4499 10957 5494 11295 5181 11284 5157 11283 5154 11282
4189 635 4129 682 4214 818 4500 1314 5180 1155 5156 1145 5158 1144 5155
10753 4130 10756 4217 10826 4502 10958 5495 11293 5179 11263 5159 11262 5112 11261
4188 564 3986 684 4504 820 5497 1315 5176 1153 5113 1125 5114 1124 5110
10754 4153 10755 4218 10829 4503 10961 5496 11291 5171 11227 5042 11226 5044 11228
4184 646 4151 685 4506 821 5499 1316 5170 1151 5172 1089 5043 1090 5046
10757 4152 10760 4215 10828 4505 10960 5498 11289 5169 11206 4975 11181 4932 11160
4182 565 3987 683 4216 819 4501 1317 5500 1149 5166 1059 4935 1036 4893
10758 3988 10759 4219 10827 4507 10959 5501 11287 5163 11202 4978 11177 4922 11157
4194 669 4221 686 4220 822 5502 1318 5162 1147 5164 1054 4921 1031 4923
10818 5546 10819 5548 10830 5551 10962 5508 11285 5160 11200 4968 11175 4919 11155
5544 1338 5547 1339 5549 1340 5507 1320 5509 1146 5161 1053 4967 1030 4920
10646 3918 10650 5550 10651 3921 10652 5505 11286 5165 11201 4970 11176 4925 11156
3917 530 3919 531 3920 532 5504 1319 5506 1148 4969 1055 4924 1032 4926
10565 3857 10629 3875 10621 3845 10620 5503 11288 5168 11203 5041 11204 4971 11198
393 3637 499 3874 508 3844 493 5512 1321 5510 1150 5040 1088 5038 1087
10541 3638 10540 3858 10628 3873 10618 3842 10617 5511 11290 5167 11225 5039 11224
484 3826 380 3614 500 3859 509 3876 492 3843 1322 5174 1152 5175 1106
10531 3825 10542 3615 10543 3860 10630 3878 10619 3841 10616 5513 11292 5173 11243
425 3827 485 3701 424 3699 501 3861 510 3879 497 3855 1323 5178 1154
3679 10599 3828 10592 3700 10595 3862 10631 3877 10626 3854 10625 5514 11294 5177
414 3680 486 3678 413 3677 502 3881 511 3852 496 3853 1324 5200 1165
3681 10598 3829 10593 3713 10594 3863 10632 3880 10627 3856 10624 5515 11299 5561
430 3715 487 3830 429 3714 503 3864 512 3882 498 5584 1358 5583 1345
3716 10527 3831 10536 3613 10539 3865 10633 3883 10614 3839 10613 5675 11506 5722
375 3833 488 3832 379 3867 504 3866 513 3838 491 3840 1399 5676 1421
3602 10526 3835 10537 3659 10538 3868 10634 3886 10615 3850 10612 5677 11507 5724
404 3834 489 3836 403 3657 505 3885 514 3849 495 3851 1400 5678 1422
3660 10575 3812 10574 3658 10573 3869 10635 3884 10623 3848 10622 5679 11508 5725
399 3649 477 3648 398 3646 506 3870 515 3847 494 5682 1401 5680 1423
3609 10532 3811 10535 3647 10534 3871 10636 3889 10611 3846 10610 5681 11509 5727
377 3813 478 3612 378 3610 507 3888 516 3890 490 3837 1402 5683 1424
3607 9053 6703 9150 3611 9045 3872 9180 3887 9190 6725 9161 8559 10076 5728
1802 6702 1903 6700 1803 6501 1932 6757 1941 6776 1915 6724 2827 8605 2849
6545 9074 6701 9149 6500 9073 6758 9179 6775 9189 6734 9162 8560 10075 8602
1824 6699 1902 6542 1823 6543 1931 6756 1940 6774 1919 8557 2826 8601 2848
6558 9079 6698 9148 6541 9078 6755 9178 6773 9188 6733 9168 8558 10074 8604
1829 6559 1914 6554 1828 6555 1930 6772 1939 6736 1920 6735 2825 8599 2847
6556 9054 6722 9160 6503 9046 6753 9177 6771 9187 6728 9163 8555 10073 8600
1800 6721 1913 6502 1804 6504 1929 6770 1938 6769 1916 6726 2824 8556 2846
6604 9105 6723 9159 6505 9104 6754 9176 6768 9186 6727 9164 8553 10072 8597
1855 6719 1912 6720 1854 6752 1928 6767 1937 6741 1923 6739 2783 8433 2770
6605 9089 6716 9158 6603 9088 6750 9175 6766 9185 6740 9169 8463 9870 8432
1839 6715 1911 6717 1838 6576 1927 6765 1936 6763 1921 6737 2749 8392 2590
6578 9100 6718 9157 6577 9099 6751 9174 6764 9184 6738 9170 8393 9862 8059
1850 6596 1910 6714 1849 6748 1926 6749 1935 6762 1922 8391 2748 8058 2579
9055 6713 9156 6508 9047 6746 9173 6761 9183 6732 9165 8390 9860 8056 9832
1909 6507 1805 6509 1925 6747 1934 6731 1917 6729 2747 8389 2577 8054 2531
9155 6506 9068 6743 9172 6760 9182 6730 9166 8387 9858 8055 9811 7918 9812
1818 6742 1924 6744 1933 6759 1918 8386 2746 8388 2575 8052 2513 7919 2512
9063 6745 9171 6803 9181 6805 9167 8384 9856 8047 9760 7917 9761 7855 9756
6802 1955 6801 1956 6804 1957 6806 2744 8046 2573 7852 2480 7811 2457 7768
9201 8420 9205 8422 9206 8425 9207 8383 9853 8045 9757 7849 9734 7808 9714
8419 2763 8421 2764 8424 2765 8426 2745 8385 2571 8042 2478 7807 2455 7763
9244 7079 9253 7114 9385 8423 9529 8380 9854 8044 9758 7848 9735 7810 9715
7078 2094 7080 2111 7115 2247 8379 2743 8381 2572 8043 2479 7850 2456 7764
9364 6879 9365 7116 9383 7391 9527 8382 9855 8051 9759 7851 9736 7809 9716
6878 1990 7109 2108 7390 2244 7392 2742 8050 2574 8048 2484 7819 2461 7818
9243 6880 9252 7112 9382 7393 9526 8378 9857 8049 9763 7860 9740 7817 9719
7037 2071 7111 2110 7113 2246 8377 2741 8375 2576 7920 2514 7921 2515 7924
9341 6876 9342 7110 9384 7395 9528 8376 9859 8053 9831 7991 9830 7988 9829
7071 1989 6877 2109 7394 2245 8373 2740 8057 2578 7993 2550 7992 2549 7989
9330 7016 9329 7106 9381 7388 9525 8374 9861 8062 9852 8039 9851 7990 9850
7018 2060 7105 2107 7107 2243 8372 2739 8061 2580 8060 2570 8040 2569 8038
9238 7017 9247 7108 9377 7389 9524 8371 9863 8073 9795 8041 9794 8075 9796
7094 2101 7095 2105 7103 2241 8369 2738 8370 2587 8083 2595 8074 2588 8076
9373 6864 9374 7104 9378 7396 8616 5943 8617 5729 8623 8084 8626 5745 8627
6863 1984 6865 2112 7117 2248 5942 1528 5940 1425 5733 1426 5731 1432 5746
9239 6866 9248 7118 9380 7397 8770 5941 8625 5730 8624 5732 8628 5997 8634
6873 1988 6874 2106 7385 2242 7386 1556 6003 1557 5996 1553 6000 1554 5998
9242 6875 9251 7148 9379 7387 8787 6002 8788 5991 8789 5995 8790 5999 8791
