223.824 402.625
226.961 353.278
233.268 306.070
240.630 259.925
255.385 214.921
282.816 179.528
317.643 151.581
356.697 131.039
397.873 126.286
438.000 132.027
477.080 152.466
512.996 180.222
540.470 215.231
557.391 258.517
566.921 302.765
575.397 350.153
579.650 399.590
254.469 442.927
275.602 468.402
307.287 483.497
341.075 483.907
370.632 471.657
428.706 473.413
457.223 486.368
489.954 485.715
520.566 472.427
541.669 448.515
399.109 420.515
398.034 387.928
396.957 354.291
396.937 321.717
373.695 300.419
385.306 295.306
396.919 292.295
408.536 295.588
420.153 299.933
287.184 416.004
307.258 436.212
332.600 437.571
353.704 415.761
331.525 407.085
307.240 405.740
445.565 416.876
466.697 439.199
490.981 438.443
512.086 418.735
492.018 407.983
467.734 408.739
345.155 248.585
366.277 257.248
385.286 261.682
397.954 257.632
411.682 260.951
431.741 255.941
452.852 246.740
431.724 228.621
411.658 222.073
396.875 220.842
383.150 222.777
364.150 230.953
356.769 247.675
384.220 245.907
397.946 245.023
411.672 245.190
440.181 245.536
410.617 246.228
397.945 243.972
384.221 246.958
