222.32394409 401.61676025
228.45976257 448.51306152
238.36865234 494.09558105
248.22659302 538.54516602
262.05581665 581.27697754
285.70571899 618.52905273
318.81735229 648.23071289
357.52044678 669.26477051
400.54940796 675.06463623
444.05865479 668.56890869
482.42382812 648.04852295
515.58044434 619.63916016
539.94622803 583.42041016
553.81939697 540.71997070
562.52807617 495.10668945
570.42541504 448.55993652
574.69512939 401.12332153
252.35066223 367.60675049
273.69989014 342.70919800
307.02795410 330.43341064
342.75265503 331.14572144
375.11392212 341.91180420
425.07781982 340.33544922
454.72024536 329.06918335
487.45199585 327.59329224
518.28887939 337.68945312
538.49627686 359.92947388
398.48397827 378.14407349
397.97271729 408.27435303
397.48605347 438.29089355
396.94290161 468.82629395
365.81396484 499.14892578
380.99542236 503.11975098
397.12792969 506.24096680
413.64337158 502.91918945
429.50357056 498.26916504
292.26962280 382.67752075
310.52917480 364.87344360
335.66494751 364.91882324
355.67654419 387.44863892
334.06149292 392.38397217
309.61575317 392.19955444
443.02239990 386.24215698
463.71807861 363.63864136
488.86260986 363.11621094
506.46362305 380.69635010
490.08041382 390.36096191
465.47412109 390.70046997
328.18362427 560.22021484
353.79370117 548.42938232
379.38403320 540.54510498
398.03225708 544.41308594
416.79925537 539.76794434
441.52850342 546.68731689
466.50723267 557.99853516
443.19305420 576.85437012
419.57220459 586.26263428
398.94079590 588.74993896
378.60058594 587.56011963
353.23129272 579.46850586
359.22729492 559.82409668
398.50634766 560.49707031
436.33193970 558.49249268
436.51675415 559.99114990
398.61056519 563.07769775
359.14202881 561.47778320
322.46780396 378.59396362
477.03381348 376.95407104
