68
816 223.824 402.625 74.456
4216 226.961 353.278 76.105
10651 233.268 306.070 68.315
10618 240.630 259.925 59.982
510 255.385 214.921 64.303
3863 282.816 179.528 86.850
3867 317.643 151.581 108.517
3646 356.697 131.039 128.919
9045 397.873 126.286 137.519
6543 438.000 132.027 131.458
6504 477.080 152.466 112.337
6750 512.996 180.222 89.770
1935 540.470 215.231 66.281
9182 557.391 258.517 60.716
9206 566.921 302.765 67.331
7390 575.397 350.153 73.792
2241 579.650 399.590 71.369
714 254.469 442.927 137.900
4297 275.602 468.402 154.751
4446 307.287 483.497 165.995
10866 341.075 483.907 178.064
4293 370.632 471.657 182.070
7187 428.706 473.413 180.513
9426 457.223 486.368 175.430
7188 489.954 485.715 162.479
7195 520.566 472.427 150.610
2139 541.669 448.515 133.653
9395 399.109 420.515 194.925
3410 398.034 387.928 212.828
3419 396.957 354.291 235.646
8972 396.937 321.717 247.305
10480 373.695 300.419 178.754
322 385.306 295.306 199.201
6274 396.919 292.295 209.345
1747 408.536 295.588 198.863
9032 420.153 299.933 178.525
4395 287.184 416.004 132.407
760 307.258 436.212 142.499
4384 332.600 437.571 144.169
4401 353.704 415.761 144.244
755 331.525 407.085 145.945
767 307.240 405.740 141.523
7293 445.565 416.876 142.426
7273 466.697 439.199 141.980
2185 490.981 438.443 138.291
7271 512.086 418.735 127.108
2192 492.018 407.983 137.857
2180 467.734 408.739 143.359
10287 345.155 248.585 165.506
3237 366.277 257.248 185.399
182 385.286 261.682 197.185
6083 397.954 257.632 198.689
1607 411.682 260.951 197.660
6124 431.741 255.941 185.542
8801 452.852 246.740 164.887
8865 431.724 228.621 178.766
8841 411.658 222.073 192.209
8815 396.875 220.842 195.862
10325 383.150 222.777 191.572
10298 364.150 230.953 176.990
3179 356.769 247.675 172.864
10334 384.220 245.907 186.366
8802 397.946 245.023 194.461
8859 411.672 245.190 186.584
6186 440.181 245.536 172.929
8800 410.617 246.228 186.487
8799 397.945 243.972 193.760
10285 384.221 246.958 186.287
