73
0.708393 0.465149
0.715166 0.533127
0.707537 0.600926
0.69485 0.66744
0.673247 0.733313
0.63161 0.787274
0.572834 0.823493
0.501023 0.835922
0.42839 0.822757
0.371257 0.782901
0.331853 0.72716
0.308677 0.661856
0.292143 0.597566
0.284016 0.531616
0.287714 0.464396
0.329858 0.441484
0.359511 0.414504
0.427323 0.412583
0.461125 0.430645
0.424683 0.427211
0.364402 0.429635
0.661681 0.435058
0.632868 0.411382
0.571782 0.409057
0.538926 0.427882
0.576964 0.425034
0.628456 0.425062
0.641334 0.474583
0.597411 0.447782
0.554119 0.480128
0.59954 0.490669
0.356673 0.478227
0.401345 0.448381
0.446498 0.48176
0.401098 0.492524
0.531574 0.480727
0.533454 0.543974
0.553807 0.600037
0.544436 0.62082
0.495128 0.625145
0.450807 0.621197
0.441246 0.602958
0.466686 0.54707
0.468683 0.481314
0.526043 0.607167
0.467434 0.607875
0.584991 0.692887
0.557028 0.678273
0.526595 0.669425
0.497537 0.674646
0.469936 0.670126
0.439783 0.679272
0.412725 0.694664
0.436859 0.713126
0.467494 0.724885
0.501206 0.72826
0.534904 0.723516
0.561805 0.711449
0.543584 0.703888
0.500656 0.709349
0.459036 0.707011
0.457334 0.688657
0.498252 0.686865
0.540345 0.686356
0.496864 0.583149
0.622773 0.453146
0.622089 0.48505
0.57492 0.489288
0.572109 0.455392
0.42651 0.455667
0.425677 0.490049
0.377256 0.487795
0.375176 0.455627
