219.248 436.256
221.142 385.781
228.124 335.206
240.199 285.561
260.425 238.844
289.828 198.123
327.394 164.447
365.992 135.897
407.702 127.874
446.404 136.378
479.058 165.589
510.703 197.907
537.273 235.471
553.682 279.411
563.994 326.558
569.216 373.805
568.335 422.202
253.868 440.723
277.356 468.055
314.031 479.687
350.661 474.851
384.202 457.724
425.941 459.993
456.524 476.892
491.144 481.359
524.702 470.408
546.001 443.227
406.527 433.611
408.458 396.517
411.410 360.432
413.341 323.338
372.580 306.639
391.901 300.084
411.222 293.528
429.560 299.345
446.883 306.210
290.439 415.302
309.818 429.332
333.236 431.961
354.570 417.132
333.167 407.258
309.752 405.659
447.187 414.285
467.586 429.325
489.972 426.827
508.249 411.028
489.903 402.124
467.517 404.622
339.828 242.433
366.325 254.265
392.812 261.980
410.103 257.523
426.399 261.321
448.770 253.677
470.110 240.906
447.663 221.789
427.286 214.983
409.978 213.264
390.643 214.673
366.239 223.386
352.041 242.193
391.744 244.502
410.059 242.084
426.350 243.823
458.914 241.126
426.344 241.765
410.050 238.996
391.739 242.444
