73
0.71329 0.464396
0.717907 0.529779
0.718369 0.598702
0.709693 0.66741
0.681117 0.730095
0.633551 0.784303
0.573383 0.825663
0.501597 0.841294
0.425841 0.826618
0.361388 0.78857
0.311825 0.736062
0.281387 0.672498
0.268135 0.603651
0.264855 0.533544
0.269985 0.46316
0.312582 0.433136
0.348719 0.398377
0.424765 0.40018
0.46062 0.424238
0.418083 0.422296
0.353316 0.419354
0.678318 0.435628
0.650768 0.402334
0.578989 0.40158
0.549571 0.426855
0.585561 0.424708
0.645469 0.423559
0.64983 0.486567
0.605277 0.461864
0.556748 0.480512
0.604213 0.493634
0.348219 0.481563
0.396281 0.456021
0.445093 0.476674
0.39705 0.490703
0.536291 0.480967
0.543609 0.531092
0.57644 0.579138
0.562312 0.599527
0.511156 0.600301
0.453637 0.598172
0.438884 0.579047
0.465751 0.530756
0.46953 0.479219
0.540432 0.586034
0.479758 0.585505
0.590329 0.667322
0.561338 0.657655
0.53266 0.650386
0.506153 0.656812
0.479175 0.650879
0.446696 0.658596
0.415097 0.667712
0.439 0.688699
0.46937 0.700357
0.50579 0.704946
0.539967 0.700281
0.567421 0.687325
0.546467 0.683803
0.505225 0.688792
0.461217 0.684391
0.462928 0.665434
0.505273 0.666631
0.544452 0.664787
0.511901 0.561462
0.630342 0.467514
0.628583 0.49287
0.579614 0.490146
0.579213 0.464595
0.42281 0.459893
0.422578 0.48721
0.372073 0.489074
0.370042 0.462649
