68
816 219.248 436.256 73.085
4216 221.142 385.781 84.874
10651 228.124 335.206 90.129
10618 240.199 285.561 91.642
510 260.425 238.844 101.365
3863 289.828 198.123 121.752
3867 327.394 164.447 139.007
3646 365.992 135.897 157.562
9045 407.702 127.874 162.541
6543 446.404 136.378 151.496
6504 479.058 165.589 127.138
6750 510.703 197.907 103.633
1935 537.273 235.471 75.500
9182 553.682 279.411 63.001
9206 563.994 326.558 60.819
7390 569.216 373.805 56.056
2241 568.335 422.202 45.880
714 253.868 440.723 120.957
4297 277.356 468.055 137.693
4446 314.031 479.687 149.186
10866 350.661 474.851 161.343
4293 384.202 457.724 166.370
7187 425.941 459.993 161.138
9426 456.524 476.892 152.855
7188 491.144 481.359 136.764
7195 524.702 470.408 122.260
2139 546.001 443.227 102.362
9395 406.527 433.611 183.328
3410 408.458 396.517 204.530
3419 411.410 360.432 229.753
8972 413.341 323.338 240.793
10480 372.580 306.639 192.828
322 391.901 300.084 206.586
6274 411.222 293.528 212.487
1747 429.560 299.345 203.356
9032 446.883 306.210 185.878
4395 290.439 415.302 127.635
760 309.818 429.332 138.053
4384 333.236 431.961 140.815
4401 354.570 417.132 140.960
755 333.167 407.258 142.973
767 309.752 405.659 138.902
7293 447.187 414.285 135.176
7273 467.586 429.325 131.204
2185 489.972 426.827 124.804
7271 508.249 411.028 110.746
2192 489.903 402.124 124.776
2180 467.517 404.622 133.394
10287 339.828 242.433 177.353
3237 366.325 254.265 196.915
182 392.812 261.980 205.259
6083 410.103 257.523 204.628
1607 426.399 261.321 202.521
6124 448.770 253.677 190.206
8801 470.110 240.906 167.943
8865 447.663 221.789 182.436
8841 427.286 214.983 196.597
8815 409.978 213.264 202.500
10325 390.643 214.673 199.585
10298 366.239 223.386 188.776
3179 352.041 242.193 184.822
10334 391.744 244.502 197.652
8802 410.059 242.084 201.388
8859 426.350 243.823 192.084
6186 458.914 241.126 175.812
8800 426.344 241.765 193.116
8799 410.050 238.996 201.902
10285 391.739 242.444 197.551
