79 159
83 207
91 253
112 295
134 337
165 374
202 405
225 440
263 455
297 449
330 425
362 400
391 365
415 324
430 275
438 222
441 168
114 125
131 95
161 83
193 91
217 115
280 129
309 106
345 97
381 108
404 141
254 147
251 182
248 216
244 251
229 283
241 288
252 291
266 288
281 288
146 175
160 158
185 159
208 182
185 187
161 187
304 177
323 159
348 160
368 176
352 188
327 187
198 335
224 335
246 335
262 342
280 338
301 343
322 346
302 366
282 374
261 375
245 372
222 360
208 339
245 347
262 351
281 350
313 348
281 352
262 353
245 349
