209.92297363 386.00399780
210.31600952 435.73626709
213.44349670 485.45202637
221.10855103 534.23626709
239.99705505 578.47515869
272.12109375 613.84753418
311.59185791 641.55462646
354.18200684 664.42596436
401.48663330 671.99639893
448.12155151 665.10327148
488.19903564 641.13641357
524.58276367 612.44384766
553.73980713 577.29437256
569.65454102 533.71966553
574.21862793 485.95379639
573.80114746 437.48181152
570.71472168 389.48522949
241.64276123 363.15417480
264.08535767 328.94107056
305.21911621 317.26885986
347.75296021 322.44049072
385.97998047 338.52432251
421.65173340 340.04397583
457.68481445 325.84945679
497.47085571 322.08660889
534.57824707 335.05624390
551.05218506 370.25375366
405.11627197 371.80633545
406.70376587 397.29696655
408.50067139 422.18176270
410.36633301 448.81164551
366.22058105 477.10119629
387.09194946 481.17071533
408.37622070 484.80633545
428.69943237 480.77734375
447.62506104 475.95300293
288.27978516 384.99807739
306.81295776 372.49496460
331.11465454 371.52258301
354.44067383 386.08233643
331.38040161 391.43161011
306.83566284 392.18505859
446.56518555 387.73303223
469.64898682 374.62481689
493.35998535 376.15087891
510.53277588 388.89877319
492.82650757 395.03668213
468.89282227 393.56262207
332.02728271 537.29388428
360.96527100 526.83856201
387.33718872 519.86718750
406.33154297 524.71319580
425.21279907 519.97003174
449.46093750 526.68890381
474.10610962 536.70947266
449.58020020 554.35382080
425.84811401 561.54162598
405.96362305 563.04321289
385.96191406 561.70971680
360.30468750 555.06262207
366.79174805 537.49505615
406.20245361 540.14782715
442.89932251 537.21820068
442.96597290 536.67962646
406.16275024 538.08148193
366.64434814 537.07543945
319.03591919 381.90856934
481.18209839 384.84375000
